# This file may be used to create an environment using:
# $ conda create --name <env> --file <this file>
# platform: win-64
bzip2=1.0.8=h2bbff1b_6
ca-certificates=2024.6.2=h56e8100_0
click=8.1.7=pypi_0
cmake=3.29.3=pypi_0
colorama=0.4.6=pypi_0
cuda-version=11.8=h70ddcb2_3
cudatoolkit=11.8.0=h09e9e62_13
cudnn=8.9.7.29=he6de189_3
dlib=19.24.4=cuda118py311h3d4ed2e_1
face-recognition=1.3.0=pypi_0
face-recognition-models=0.3.0=pypi_0
filelock=3.14.0=pypi_0
fsspec=2024.5.0=pypi_0
intel-openmp=2021.4.0=pypi_0
jinja2=3.1.4=pypi_0
libblas=3.9.0=22_win64_mkl
libcblas=3.9.0=22_win64_mkl
libffi=3.4.4=hd77b12b_1
libhwloc=2.10.0=default_h8125262_1001
libiconv=1.17=hcfcfb64_2
libjpeg-turbo=3.0.0=hcfcfb64_1
liblapack=3.9.0=22_win64_mkl
libpng=1.6.43=h19919ed_0
libxml2=2.12.7=h283a6d9_0
libzlib=1.2.13=h2466b09_6
libzlib-wapi=1.2.13=h2466b09_6
markupsafe=2.1.5=pypi_0
mkl=2021.4.0=pypi_0
mpmath=1.3.0=pypi_0
networkx=3.3=pypi_0
numpy=1.26.4=py311h0b4df5a_0
opencv-contrib-python=4.9.0.80=pypi_0
openssl=3.3.0=h2466b09_3
pillow=10.3.0=pypi_0
pip=24.0=py311haa95532_0
pthreads-win32=2.9.1=hfa6e2cd_3
python=3.11.9=he1021f5_0
python_abi=3.11=2_cp311
setuptools=69.5.1=py311haa95532_0
sqlite=3.45.3=h2bbff1b_0
sympy=1.12.1=pypi_0
tbb=2021.12.0=pypi_0
tk=8.6.14=h0416ee5_0
torch=2.3.0=pypi_0
torchvision=0.18.0=pypi_0
typing-extensions=4.12.1=pypi_0
tzdata=2024a=h04d1e81_0
ucrt=10.0.22621.0=h57928b3_0
vc=14.2=h2eaa2aa_1
vc14_runtime=14.38.33135=h835141b_20
vs2015_runtime=14.38.33135=h22015db_20
wheel=0.43.0=py311haa95532_0
xz=5.4.6=h8cc25b3_1
zlib=1.2.13=h2466b09_6
